
=== BASE ema15tf B=8.33 tf=5 | replay 47/50 | uncovered engine pnl -1,710 | parity same 47 diff 0 
 variant          n  net  PF WR% avgW avgL DD ex2 CE PE H1 H2 | same-day-conflicts
 cexit5           47  31,076 2.09 49 2,593 -1,190 15,577   6,324  9,292 21,785 12,850 18,226 | 0
 cexit6           47  19,370 1.48 43 2,966 -1,480 17,901  -4,716  4,235 15,135  8,336 11,034 | 0
 cexit7           47  21,499 1.44 45 3,351 -1,879 19,802  -4,537  3,152 18,346 17,024  4,475 | 0
 cexit8           47  27,397 1.49 47 3,777 -2,228 20,384  -3,985 19,094  8,304 11,096 16,302 | 0
 rev1             47  14,794 1.63 38 2,118   -804  9,116    -757  9,747  5,047 10,832  3,962 | 0
 rev2             47   6,220 1.20 38 2,105 -1,092 14,219  -8,284  6,159     62 10,498 -4,277 | 0
 cexit6+rev1      47  12,317 1.56 38 1,908   -759  9,116  -3,234  7,520  4,797  7,845  4,472 | 0
 cexit7+rev1      47  15,519 1.67 38 2,148   -798  9,116     -33 10,471  5,047 11,498  4,020 | 0
 cexit8+rev1      47  14,664 1.63 38 2,109   -804  9,116    -887  9,617  5,047 10,855  3,809 | 0
 cexit5+BE2       47  27,943 2.17 32 3,455   -746 13,774   3,191  5,554 22,389 10,033 17,911 | 0
 cexit5+BE3       47  29,776 2.25 38 2,974   -819 13,624   5,024  7,290 22,487 11,219 18,557 | 0
 cexit5+BE4       47  28,509 2.10 40 2,869   -929 15,668   3,757  7,429 21,079 12,070 16,438 | 0
 cexit7+BE3       47  22,077 1.61 28 4,500 -1,071 13,523  -3,959 -1,394 23,472  7,173 14,904 | 0
 rev1+BE3         47  17,111 1.82 36 2,234   -695  7,709   1,560 10,835  6,276 11,820  5,291 | 0
 cexit7+rev1+BE3  47  17,836 1.86 36 2,265   -689  7,709   2,285 11,560  6,276 12,486  5,349 | 0
 cexit5+noprog4   47  24,333 1.80 43 2,736 -1,126 14,944    -419  7,465 16,867  5,818 18,515 | 0

=== E4 b10 B=10.0 tf=5 | replay 47/51 | uncovered engine pnl -2,551 | parity same 47 diff 0 
 variant          n  net  PF WR% avgW avgL DD ex2 CE PE H1 H2 | same-day-conflicts
 cexit5           47  27,030 1.89 45 2,739 -1,172 14,950   2,278  3,958 23,072 11,427 15,603 | 0
 cexit6           47  15,701 1.37 43 2,889 -1,559 17,349  -8,385   -660 16,360  7,085  8,616 | 0
 cexit7           47  15,220 1.28 43 3,431 -1,978 21,986 -10,816 -4,355 19,575 15,824   -605 | 0
 cexit8           47  21,203 1.36 43 4,006 -2,182 21,967  -9,363 11,372  9,831  9,968 11,235 | 0
 rev1             47   7,504 1.26 36 2,153   -970 14,056  -8,242  2,184  5,320 10,790 -3,286 | 0
 rev2             47  22,025 1.60 34 3,684 -1,191 14,544  -3,916  1,427 20,598  9,162 12,863 | 0
 cexit6+rev1      47   7,751 1.31 38 1,839   -874 13,819  -7,995  1,505  6,246  8,837 -1,086 | 0
 cexit7+rev1      47   9,184 1.33 36 2,184   -931 14,242  -6,562  3,094  6,090 12,226 -3,042 | 0
 cexit8+rev1      47   7,728 1.27 36 2,144   -957 13,712  -8,018  2,408  5,320 10,813 -3,084 | 0
 cexit5+BE2       47  27,661 2.16 32 3,434   -745 13,202   2,909  2,870 24,791 11,492 16,169 | 0
 cexit5+BE3       47  27,098 2.10 34 3,240   -798 13,052   2,346  3,325 23,774 10,793 16,305 | 0
 cexit5+BE4       47  25,415 1.91 38 2,961   -962 15,096     663  3,049 22,366 10,647 14,768 | 0
 cexit7+BE3       47  19,578 1.48 30 4,303 -1,232 15,678  -6,458 -6,588 26,166  8,902 10,676 | 0
 rev1+BE3         47   9,948 1.38 32 2,428   -827 12,204  -5,798  3,399  6,549 11,060 -1,112 | 0
 cexit7+rev1+BE3  47  10,783 1.41 32 2,464   -818 12,864  -4,963  3,464  7,319 12,496 -1,713 | 0
 cexit5+noprog4   47  22,113 1.77 38 2,832   -995 11,788  -2,639  6,013 16,100  3,647 18,466 | 0

=== TF5X5 B=8.33 tf=5 | replay 47/51 | uncovered engine pnl -1,758 | parity same 47 diff 0 
 variant          n  net  PF WR% avgW avgL DD ex2 CE PE H1 H2 | same-day-conflicts
 cexit5           47  29,312 2.03 49 2,506 -1,180 15,577   4,560 11,203 18,109 10,478 18,834 | 0
 cexit6           47  17,244 1.45 43 2,786 -1,425 17,901  -6,841  7,511  9,734  5,603 11,641 | 0
 cexit7           47  16,815 1.34 43 3,348 -1,857 19,802  -9,220  5,466 11,349 11,576  5,239 | 0
 cexit8           47  22,795 1.40 45 3,799 -2,191 20,384  -8,587 21,505  1,290  5,730 17,066 | 0
 rev1             47  15,941 1.71 40 2,026   -805  9,116     390 11,173  4,768 11,372  4,569 | 0
 rev2             47   8,089 1.27 40 2,007 -1,073 14,219  -6,416  7,982    107 11,758 -3,669 | 0
 cexit6+rev1      47  13,465 1.62 40 1,856   -779  9,116  -2,087  8,947  4,517  8,385  5,080 | 0
 cexit7+rev1      47  16,666 1.75 40 2,054   -798  9,116   1,115 11,898  4,768 12,038  4,628 | 0
 cexit8+rev1      47  15,811 1.70 40 2,018   -804  9,116     260 11,043  4,768 11,394  4,417 | 0
 cexit5+BE2       47  26,422 2.14 30 3,539   -701 13,774   1,670  8,391 18,031  7,914 18,509 | 0
 cexit5+BE3       47  28,447 2.23 36 3,031   -769 13,624   3,695  9,877 18,570  9,292 19,155 | 0
 cexit5+BE4       47  26,734 2.04 40 2,764   -921 15,668   1,982  9,340 17,394  9,698 17,036 | 0
 cexit7+BE3       47  21,291 1.71 23 4,655   -831 13,523  -4,745  2,021 19,269  2,993 18,297 | 0
 rev1+BE3         47  15,733 1.78 36 2,112   -673  7,709     182 12,399  3,334  9,844  5,889 | 0
 cexit7+rev1+BE3  47  16,458 1.82 36 2,144   -666  7,709     907 13,123  3,334 10,510  5,947 | 0
 cexit5+noprog4   47  26,370 1.91 45 2,636 -1,115 14,944   1,618  9,376 16,994  7,248 19,123 | 0

=== MV50 b625ext B=6.25 tf=15 | replay 46/50 | uncovered engine pnl -2,840 | parity same 46 diff 0 
 variant          n  net  PF WR% avgW avgL DD ex2 CE PE H1 H2 | same-day-conflicts
 cexit5           46  13,692 1.56 43 1,905   -938 12,314  -9,396 -4,362 18,054  8,518  5,174 | 0
 cexit6           46  25,327 1.74 43 2,975 -1,314 10,754  -8,372 16,848  8,479  3,637 21,691 | 0
 cexit7           46  24,287 1.60 41 3,416 -1,505 11,953  -9,045 20,644  3,643  8,015 16,273 | 0
 cexit8           46  13,049 1.25 43 3,303 -2,039 20,881 -20,283 18,905 -5,856  6,919  6,129 | 0
 rev1             46  32,770 2.16 37 3,585   -972  7,670    -562 15,022 17,748  7,108 25,662 | 0
 rev2             46  27,693 1.89 37 3,459 -1,073  8,479  -5,639 13,416 14,277  5,002 22,692 | 0
 cexit6+rev1      46  33,085 2.34 39 3,215   -885  7,813    -614 16,789 16,296  6,029 27,056 | 0
 cexit7+rev1      46  34,258 2.25 37 3,629   -946  7,767     926 17,397 16,861  8,372 25,886 | 0
 cexit8+rev1      46  33,667 2.22 37 3,604   -952  7,030     335 15,922 17,745  7,540 26,127 | 0
 cexit5+BE2       46  14,034 1.62 33 2,446   -731 11,537  -9,054 -4,271 18,304  9,490  4,544 | 0
 cexit5+BE3       46  14,996 1.67 39 2,085   -805 11,537  -8,092 -4,108 19,104 10,345  4,651 | 0
 cexit5+BE4       46  13,962 1.59 41 1,984   -879 11,537  -9,126 -4,092 18,054  9,295  4,667 | 0
 cexit7+BE3       46  23,449 1.73 30 3,959   -999 11,953  -9,883 14,502  8,947  7,049 16,400 | 0
 rev1+BE3         46  30,459 2.19 35 3,509   -856  7,670  -2,873 10,553 19,906  9,266 21,193 | 0
 cexit7+rev1+BE3  46  31,863 2.27 35 3,555   -834  7,767  -1,469 12,928 18,935 10,446 21,418 | 0
 cexit5+noprog4   46  12,451 1.49 41 1,986   -936 13,744 -10,637 -4,667 17,118  6,997  5,454 | 0

=== B833MV50 B=8.33 tf=15 | replay 47/50 | uncovered engine pnl -3,152 | parity same 47 diff 0 
 variant          n  net  PF WR% avgW avgL DD ex2 CE PE H1 H2 | same-day-conflicts
 cexit5           47  12,909 1.49 32 2,611   -820 15,902 -10,179 -5,658 18,567  6,656  6,253 | 0
 cexit6           47  25,084 1.66 38 3,510 -1,314 11,495  -9,561  8,986 16,097  2,194 22,890 | 0
 cexit7           47  31,281 1.80 47 3,199 -1,564  9,952  -2,996 14,479 16,803  9,266 22,015 | 0
 cexit8           47  25,626 1.58 47 3,187 -1,779 12,054  -8,652  9,454 16,172  6,936 18,691 | 0
 rev1             47  27,927 1.79 32 4,211 -1,101 10,283  -6,350  9,015 18,912  3,224 24,703 | 0
 rev2             47  21,596 1.51 34 4,011 -1,374 12,292 -12,682  7,387 14,209    949 20,647 | 0
 cexit6+rev1      47  20,732 1.67 30 3,690   -937 10,488 -13,913  6,029 14,703  2,158 18,574 | 0
 cexit7+rev1      47  22,496 1.66 30 4,052 -1,037 11,369 -11,781  6,838 15,659  6,107 16,390 | 0
 cexit8+rev1      47  18,746 1.51 28 4,259 -1,077 12,678 -15,532  3,624 15,122  4,989 13,757 | 0
 cexit5+BE2       47  13,468 1.53 30 2,768   -766 15,126  -9,620 -5,301 18,769  7,845  5,622 | 0
 cexit5+BE3       47  13,601 1.54 30 2,768   -762 15,126  -9,487 -5,177 18,778  7,855  5,746 | 0
 cexit5+BE4       47  13,390 1.53 30 2,768   -769 15,126  -9,698 -5,177 18,567  7,644  5,746 | 0
 cexit7+BE3       47  30,482 1.85 40 3,503 -1,336 10,637  -3,796 11,131 19,351 12,688 17,794 | 0
 rev1+BE3         47  23,322 1.67 28 4,459 -1,019 11,606 -10,956  4,131 19,191  3,503 19,818 | 0
 cexit7+rev1+BE3  47  22,867 1.68 28 4,346   -989 11,369 -11,411  6,929 15,938  6,386 16,481 | 0
 cexit5+noprog4   47  10,696 1.39 28 2,932   -806 15,642 -12,392 -5,697 16,393  4,589  6,107 | 0
